SNR: n10dB
PESQ:  2.0061838967459544
STOI:  0.5884015006593803
ESTOI: 0.34548580100716103

SNR: n5dB
PESQ:  1.9899267401014056
STOI:  0.5867771915533228
ESTOI: 0.3453781742434746

SNR: 0dB
PESQ:  1.9951425637517657
STOI:  0.5873905861947902
ESTOI: 0.34509964543366345

SNR: 5dB
PESQ:  1.992001611845834
STOI:  0.5883960724676724
ESTOI: 0.34645850634890235
