SNR: n10dB
PESQ:  2.590450842039926
STOI:  0.7366006752429863
ESTOI: 0.47651804318643415

SNR: n5dB
PESQ:  2.8428959812436787
STOI:  0.7843633663555895
ESTOI: 0.5538819147179532

SNR: 0dB
PESQ:  3.0822660888944355
STOI:  0.8233638582298043
ESTOI: 0.627301226924674

SNR: 5dB
PESQ:  3.264849318776812
STOI:  0.8561530265826779
ESTOI: 0.6912450002283196

