SNR: n10dB
PESQ:  2.3539156556129455
STOI:  0.6666210779767376
ESTOI: 0.40207092885291534

SNR: n5dB
PESQ:  2.693168612888881
STOI:  0.7568637726622764
ESTOI: 0.5155734298484838

SNR: 0dB
PESQ:  2.9284383637564524
STOI:  0.808064240430923
ESTOI: 0.597404210734864

SNR: 5dB
PESQ:  3.1027583054133823
STOI:  0.8379954923333109
ESTOI: 0.6577291236947251

