SNR: n10dB
PESQ:  1.9638985105923243
STOI:  0.5669525333768013
ESTOI: 0.3312259565947578

SNR: n5dB
PESQ:  1.9731166073254176
STOI:  0.5678302252479863
ESTOI: 0.33191636379297046

SNR: 0dB
PESQ:  1.968905406338828
STOI:  0.5678036461852172
ESTOI: 0.3318361840173172

SNR: 5dB
PESQ:  1.977159127167293
STOI:  0.5682594141314116
ESTOI: 0.33317676366560683

