SNR: n10dB
PESQ:  2.3230054906436375
STOI:  0.6674971454990157
ESTOI: 0.39513287578261075

SNR: n5dB
PESQ:  2.6763716084616527
STOI:  0.7564804022165823
ESTOI: 0.5149677441607365

SNR: 0dB
PESQ:  2.9621115718569073
STOI:  0.8116878624398582
ESTOI: 0.6057067456360875

SNR: 5dB
PESQ:  3.167462488583156
STOI:  0.8428620899880487
ESTOI: 0.6685390506628748

