SNR: n10dB
PESQ:  1.9734885726656233
STOI:  0.5153477663340977
ESTOI: 0.27279954927824573

SNR: n5dB
PESQ:  2.374734032154083
STOI:  0.6493142835408446
ESTOI: 0.4048348431146991

SNR: 0dB
PESQ:  2.6972836766924178
STOI:  0.7476934858497174
ESTOI: 0.5347681737536979

SNR: 5dB
PESQ:  2.981917449406215
STOI:  0.8052077113865286
ESTOI: 0.6352778355266508

