SNR: n10dB
PESQ:  2.033989790507725
STOI:  0.5908698415866297
ESTOI: 0.3185466050668766

SNR: n5dB
PESQ:  2.0274441736085076
STOI:  0.5897207044803127
ESTOI: 0.3176126112243191

SNR: 0dB
PESQ:  2.031028091907501
STOI:  0.5892310574203494
ESTOI: 0.31767038897843947

SNR: 5dB
PESQ:  2.0435841236795698
STOI:  0.5905684367736524
ESTOI: 0.31853874379123903

