SNR: n10dB
PESQ:  2.612197620528085
STOI:  0.7302428549723287
ESTOI: 0.4764137978869115

SNR: n5dB
PESQ:  2.835844932283674
STOI:  0.7744428591722566
ESTOI: 0.5422852888987469

SNR: 0dB
PESQ:  3.0610143899917603
STOI:  0.8134905533128745
ESTOI: 0.612059535994325

SNR: 5dB
PESQ:  3.2302476916994367
STOI:  0.8461417260844962
ESTOI: 0.6737700385644981

