SNR: n10dB
PESQ:  2.3741020492144993
STOI:  0.677930324095169
ESTOI: 0.41791131706458945

SNR: n5dB
PESQ:  2.6543219191687446
STOI:  0.7525834661989603
ESTOI: 0.5178882190300966

SNR: 0dB
PESQ:  2.844676344735282
STOI:  0.7974833934165755
ESTOI: 0.5886365987946034

SNR: 5dB
PESQ:  3.0118355716977803
STOI:  0.8262746767225971
ESTOI: 0.6439950800867962

