SNR: n10dB
PESQ:  2.003700063909803
STOI:  0.5898058165317018
ESTOI: 0.34911752450896955

SNR: n5dB
PESQ:  2.0252608282225473
STOI:  0.5896051150978966
ESTOI: 0.3477377378770899

SNR: 0dB
PESQ:  2.0136314136641364
STOI:  0.591060873363804
ESTOI: 0.3506074518744723

SNR: 5dB
PESQ:  2.03166002035141
STOI:  0.5901812303914457
ESTOI: 0.34904674971318733

