SNR: n10dB
PESQ:  2.3506806646074567
STOI:  0.6777846614776105
ESTOI: 0.4194030894483827

SNR: n5dB
PESQ:  2.6766092096056258
STOI:  0.7516411381902195
ESTOI: 0.5215993702219095

SNR: 0dB
PESQ:  2.93403913634164
STOI:  0.7992827810325531
ESTOI: 0.595642263289663

SNR: 5dB
PESQ:  3.113152585710798
STOI:  0.830127607713984
ESTOI: 0.6536450154817185

