SNR: n10dB
PESQ:  2.190501468522208
STOI:  0.5812502375409223
ESTOI: 0.35131148645312804

SNR: n5dB
PESQ:  2.4842098065785
STOI:  0.6773396046265574
ESTOI: 0.45016239600414737

SNR: 0dB
PESQ:  2.796792323248727
STOI:  0.7643192756378296
ESTOI: 0.5635619153099876

SNR: 5dB
PESQ:  3.0545754330498833
STOI:  0.8154137422517422
ESTOI: 0.6407204175611011

